INFO core.basesyntax.Main:29 Task duration was 473 ms, execution finished at 14:47:39.242667800
INFO core.basesyntax.Main:29 Task duration was 66 ms, execution finished at 14:47:38.839591800
INFO core.basesyntax.Main:29 Task duration was 269 ms, execution finished at 14:47:39.038617500
INFO core.basesyntax.Main:29 Task duration was 296 ms, execution finished at 14:47:39.065620400
INFO core.basesyntax.Main:29 Task duration was 201 ms, execution finished at 14:47:38.971590100
INFO core.basesyntax.Main:29 Task duration was 476 ms, execution finished at 14:47:39.322666300
INFO core.basesyntax.Main:29 Task duration was 75 ms, execution finished at 14:47:39.049617600
INFO core.basesyntax.Main:29 Task duration was 363 ms, execution finished at 14:47:39.402071
INFO core.basesyntax.Main:29 Task duration was 405 ms, execution finished at 14:47:39.455061900
INFO core.basesyntax.Main:29 Task duration was 443 ms, execution finished at 14:47:39.509059600
INFO core.basesyntax.Main:29 Task duration was 279 ms, execution finished at 14:47:39.522059900
INFO core.basesyntax.Main:29 Task duration was 228 ms, execution finished at 14:47:39.551096500
INFO core.basesyntax.Main:29 Task duration was 428 ms, execution finished at 14:47:39.830391
INFO core.basesyntax.Main:29 Task duration was 464 ms, execution finished at 14:47:39.920772
INFO core.basesyntax.Main:29 Task duration was 452 ms, execution finished at 14:47:39.961734700
INFO core.basesyntax.Main:29 Task duration was 197 ms, execution finished at 14:47:39.719328700
INFO core.basesyntax.Main:29 Task duration was 270 ms, execution finished at 14:47:39.821390900
INFO core.basesyntax.Main:29 Task duration was 131 ms, execution finished at 14:47:39.850645300
INFO core.basesyntax.Main:29 Task duration was 479 ms, execution finished at 14:47:40.301369700
INFO core.basesyntax.Main:29 Task duration was 478 ms, execution finished at 14:47:40.309096500
