INFO core.basesyntax.Main:29 Task duration was 400 ms, execution finished at 21:27:51.535842100
INFO core.basesyntax.Main:29 Task duration was 200 ms, execution finished at 21:27:51.335503900
INFO core.basesyntax.Main:29 Task duration was 500 ms, execution finished at 21:27:51.634511100
INFO core.basesyntax.Main:29 Task duration was 100 ms, execution finished at 21:27:51.242303800
INFO core.basesyntax.Main:29 Task duration was 200 ms, execution finished at 21:27:51.335503900
INFO core.basesyntax.Main:29 Task duration was 500 ms, execution finished at 21:27:51.748128100
INFO core.basesyntax.Main:29 Task duration was 300 ms, execution finished at 21:27:51.637496200
INFO core.basesyntax.Main:29 Task duration was 500 ms, execution finished at 21:27:51.835991
INFO core.basesyntax.Main:29 Task duration was 200 ms, execution finished at 21:27:51.736167500
INFO core.basesyntax.Main:29 Task duration was 100 ms, execution finished at 21:27:51.735169600
INFO core.basesyntax.Main:29 Task duration was 200 ms, execution finished at 21:27:51.838009100
INFO core.basesyntax.Main:29 Task duration was 300 ms, execution finished at 21:27:52.036318700
INFO core.basesyntax.Main:29 Task duration was 400 ms, execution finished at 21:27:52.136787300
INFO core.basesyntax.Main:29 Task duration was 400 ms, execution finished at 21:27:52.148566600
INFO core.basesyntax.Main:29 Task duration was 500 ms, execution finished at 21:27:52.336581500
INFO core.basesyntax.Main:29 Task duration was 400 ms, execution finished at 21:27:52.238253900
INFO core.basesyntax.Main:29 Task duration was 200 ms, execution finished at 21:27:52.237234700
INFO core.basesyntax.Main:29 Task duration was 200 ms, execution finished at 21:27:52.337558400
INFO core.basesyntax.Main:29 Task duration was 400 ms, execution finished at 21:27:52.550635200
INFO core.basesyntax.Main:29 Task duration was 100 ms, execution finished at 21:27:52.337558400
