INFO core.basesyntax.Main:28 Task duration was 893 ms, execution finished at 19:35:45.219154656
INFO core.basesyntax.Main:28 Task duration was 824 ms, execution finished at 19:35:45.150157852
INFO core.basesyntax.Main:28 Task duration was 971 ms, execution finished at 19:35:45.297228863
INFO core.basesyntax.Main:28 Task duration was 588 ms, execution finished at 19:35:44.914294497
INFO core.basesyntax.Main:28 Task duration was 293 ms, execution finished at 19:35:44.625694919
INFO core.basesyntax.Main:28 Task duration was 371 ms, execution finished at 19:35:45.005176045
INFO core.basesyntax.Main:28 Task duration was 774 ms, execution finished at 19:35:45.688503004
INFO core.basesyntax.Main:28 Task duration was 809 ms, execution finished at 19:35:45.814326789
INFO core.basesyntax.Main:28 Task duration was 798 ms, execution finished at 19:35:45.948310918
INFO core.basesyntax.Main:28 Task duration was 367 ms, execution finished at 19:35:45.586375079
INFO core.basesyntax.Main:28 Task duration was 590 ms, execution finished at 19:35:45.887449040
INFO core.basesyntax.Main:28 Task duration was 119 ms, execution finished at 19:35:45.705560463
INFO core.basesyntax.Main:28 Task duration was 497 ms, execution finished at 19:35:46.185658150
INFO core.basesyntax.Main:28 Task duration was 146 ms, execution finished at 19:35:45.851742637
INFO core.basesyntax.Main:28 Task duration was 476 ms, execution finished at 19:35:46.290486117
INFO core.basesyntax.Main:28 Task duration was 26 ms, execution finished at 19:35:45.877903889
INFO core.basesyntax.Main:28 Task duration was 469 ms, execution finished at 19:35:46.347053748
INFO core.basesyntax.Main:28 Task duration was 561 ms, execution finished at 19:35:46.448651645
INFO core.basesyntax.Main:28 Task duration was 277 ms, execution finished at 19:35:46.225473061
INFO core.basesyntax.Main:28 Task duration was 96 ms, execution finished at 19:35:46.281813723
