INFO core.basesyntax.Main:33 Task duration was 160 ms, execution finished at 22:34:43.492994300
INFO core.basesyntax.Main:33 Task duration was 179 ms, execution finished at 22:34:43.511997800
INFO core.basesyntax.Main:33 Task duration was 116 ms, execution finished at 22:34:43.450000600
INFO core.basesyntax.Main:33 Task duration was 119 ms, execution finished at 22:34:43.451993600
INFO core.basesyntax.Main:33 Task duration was 99 ms, execution finished at 22:34:43.438002500
INFO core.basesyntax.Main:33 Task duration was 48 ms, execution finished at 22:34:43.488995600
INFO core.basesyntax.Main:33 Task duration was 136 ms, execution finished at 22:34:43.588008
INFO core.basesyntax.Main:33 Task duration was 12 ms, execution finished at 22:34:43.464993300
INFO core.basesyntax.Main:33 Task duration was 35 ms, execution finished at 22:34:43.502004200
INFO core.basesyntax.Main:33 Task duration was 91 ms, execution finished at 22:34:43.582005400
INFO core.basesyntax.Main:33 Task duration was 91 ms, execution finished at 22:34:43.586011900
INFO core.basesyntax.Main:33 Task duration was 132 ms, execution finished at 22:34:43.637026700
INFO core.basesyntax.Main:33 Task duration was 5 ms, execution finished at 22:34:43.519000100
INFO core.basesyntax.Main:33 Task duration was 32 ms, execution finished at 22:34:43.551992800
INFO core.basesyntax.Main:33 Task duration was 167 ms, execution finished at 22:34:43.719704500
INFO core.basesyntax.Main:33 Task duration was 63 ms, execution finished at 22:34:43.647023
INFO core.basesyntax.Main:33 Task duration was 133 ms, execution finished at 22:34:43.719704500
INFO core.basesyntax.Main:33 Task duration was 186 ms, execution finished at 22:34:43.774712500
INFO core.basesyntax.Main:33 Task duration was 27 ms, execution finished at 22:34:43.665015600
INFO core.basesyntax.Main:33 Task duration was 142 ms, execution finished at 22:34:43.789712500
